188141927
12782
8734
10904
9548
14934576
4235
2617
1012
2088
1325
1249
5173
4893
3295
2376
2714
62106684
5766
3442
4901
4875
4815
5898
2410
5789
4133
3590
13428867
7109
2904
5810
3254
4257
2508
3580
549411885
14638
11891
424411603
171138341
2993
7759
7219
2962
8020
6176
6100
6168
54678884
11521
3912
2993
134713093
4064
9130
7665
10440
6175
7390
1029729896
75533709
5876
3564
3824
7695
6789
4295
1603
2170
1004
78715020
1414
2741
6719
2845
6136
6399
1252
3594
5522
79695693
2115
11763
9283
122877006
5946
10795
1196
7918
5157
78564240
2887
11614
5791
11635
3458
117304843
8330
70466100
4280
5609
6975
3704
3033
4953
8469
4844
611012946
25227
106882403
1851
2695
3953
5878
2712
2516
5473
3877
1955
5663
1627
2777
3082563644636
6558
2535
3165
2685
4797
6021
5666
4233
1469
70707209
2433
7902
3515
5477
9505
5126
9294
436483552434
1139
2011
3784
1194
2270
6072
5157
3428
3915
2201
1769
3530
4034
33811032
6856
6760
5918
5255372945331
8102
3359
3692
6645
10076
8602
27261196
3789
9127
15026
1003944620331817325
52616633
1629
13650
13046
9180
139528267
4591
7888
5919
3255
3938
5320
6318
1016
54674945
4766
4089
6270
5951
3624
1294
2845
6236
2284
6016
6171
2888
34177105
3162
5163
6685
5034
5590
3857
1349
3110
3216
5713
41283345
5178
2139
6009
3656
3985
2925
1878
5277
2548
5014
4170
2068
5406
37824545
3019
4971
5443
4041
2992
2572
1746
6324
2505
4059
4559
3282
62812479
1227
1920
1652
7127
5330
5773
7980
5979
1327
69265533
4924
4501
1595
5068
1872
1756
6565
4526
2686
1905
4323
43406740
9667
7552
1838
4250
8439
2018
9334
45715685
2107
3006
1731
2252
2543
4018
6351
1533
5665
2671
29837982
5914
7895
1973
6270
1546
1333
6630
7107
5563
12233377
1575
6806
6269
5158
5195
2001
1896
81374449
2044
1954
4646
4853
2901
4696
3729
2467
5396
1370
5768
3729
1122
27605594
3736
4226
5677
1451
5936
3771
1747
4692
1991
3244
5235
2494
1136
26006000410268
7786
8060
10508
5528
67741428
16323
9092
176801278
3760
4600
5281
3371
4529
2906
5004
4326
4382
3507
1738
3022
1261
20872088
5008
6379
4057
3677
5741
1096
3156
4884
5431
3653
6249
1959
48513198
1054
5059
1967
5084
4735
1672
1975
3757
5140
4123
1226
5561
3002
10484155
6076
4411
4147
1509
1410
1316
2436
5710
3469
5833
3284
2004
5333
29313722
6554
4079
3647
6665
2834
6111
1699
2264
3301
4618
680418306
2766
15246
1603410794
8795
6042
14744
87319246
15455
7276
10234976
5679
3094
6609
3132
6317
7249
3085
2201
4788
3853
72986328
8513
10986
8497
36208570
6016
3967
7081
2226
3628
1183
7502
26753713
4940
3895
5463
1568
1646
1933
4149
4542
5107
2476
6416
5590
41771853
3161
5524
4869
4002
4835
5345
3406
3809
6334
3815
4439
4804
46532340
1068
6949
4527
2062
1973
7159
6917
7989
5951
39677479
1230
6619
5481
4068
6854
1792
6293
2888
7018
43814312312920
10198
13757
10070
3194
1057626957
295555102
11583
42725229
1697
7613
1254
3850
3959
3011
8327
1583
56893069
5459
1921
4279
2614
3025
1134
2718
3784
3160
2885
5309
3048
315015015
5487
11549
162231700
1079
5726
2919
4403
4004
4490
4474
5385
4940
2019
2426
1774
5222
40952109
1692
3529
4425
5017
1955
2956
5193
1359
3071
5086
3272
1148
1244
51083183
5818
5424
3009
9660
10737
7805
41814393
2248
6731
1691
1330
2227
35803097
6770
4477
2274
10473
6196
6291
102134466
1945
4168
3012
5737
2918
1568
6018
3634
2373
2398
1899
5096
6008
29906237
4195
4209
6274
5259
6651
6781
4354
7187
2438
1651
14555091
5021
1578
1839
2447
1410
1551
1273
2870
2060
6062
4994
4425
1142
212125078
342623027
1504
2559
3905
4918
1442
5269
1792
1787
7325
2833
680410472
3468
6981
4162
5889
10528
3516
45165317
1944
2244
1565
2805
2058
3249
5589
5225
4472
4292
4096
1682
3780
47322155
1915
1390
6056
4997
5247
3565
5359
4920
3193
6103
59425728
1735
2890
2208
4913
3879
6078
3237
2997
3109
1150
46484368
6370
5658
2440
3404
1849
5650
3261
4920
4114
3673
6330
4183
53093227
2526
7386
6005
5441
8946
2415
8447
91432211
5669
1077
3134
1072
3419
5779
3499
5291
2636
5031
4309
4030
6032
35124035831692
1496512952
19656
13010
152013398
5373
2074
4864
2925
3543
4632
2032
1007
5758
2815
5935
3093
1169
29648110
12093
13122
3915
7332
123194963
5227
1525
8650
6907
2828
8473
5287
8196
207112969
226246327
5381
1572
2113
10240
5360
10614
29603800
11368
9929
12344
5461
1166619639
14660
70464562
1583
2616
5800
6350
3762
6491
1047
3559
1388
4772
6413
306610721
10685
3925
1461
4136
3510
3989
91992538
4798
2645
3236
1113
1155
3634
2228
1475
2261
4527
1498
2891
6087
263216730
3334
9006
36575665
5504
3037
10040
6716
3769
37563537
2809
6097
8067
3411
4135
7782
3367
1799
366310185
6481
11360
6493
10001
7424
96745844
12305
7993
1325
10357
98969400
6803
3442
5199
9582
2029
2664
1211
26421069
8063
2822
3453
2786
5941
6783
1145
6080
2862
71905080
6563
5357
4338
1616
10436
34335512
2337
3013
1399
1058
1381
3681
2549
2204
4949
2928
1027
2538
5636
21951847
3848
1883
6559
2248
3401
2301
5408
2119
4829
6262
3358
6641166134989
4027
2571
1680
6420
5858
2363
1007
1410
5902
3149
4577
26353689
1667
2261
5602
6024
4590
5938
4165
3867
5605
2519
2179
4325
5723
28714223
5264
1189
5439
2576
6225
1931
1656
7521
19638246
6922
41923380
3689
4228
4975
5185
2469
2912
5014
5115
1276
5895
5189
5345
4321
31421190
10126
15028
74067153
9689
113302185
1658
4927
4138
5015
3019
4896
3345
2600
2515
4061
4969
4687
5080
19221780
5589
5777
2203
2353
4076
4638
4756
4865
2753
5506
3414
371910077
1961
6853
7785
8162
3223
9308
95031696
5954
2794
5953
3074
2389
7979
5520
6627
28194776
1103
3523
3588
6149
4018
1723
332411150
1707
13525
8213
21151948
9407
11624
12246
13241
70433025
2063
2533
5294
1735
5824
2922
1040
4752
6320
4472
5532
50415642
6205
11345
9931
2197
9651
687316801
1179
10958
132604806
1169
3454
5784
3091
5289
2835
1945
4995
2012
3479
6390
1073
55003531
13321
15104
7899
628727261
42253104
3965
1952
6493
6428
6560
2107
8364
6541
57094137
6331
4564
6203
2540
6225
3827
5882
3418
2746
6495
2909
1959
24941023
5984
1720
3188
6562
6538
2771
6244
1907
5438
40871788
6484
3614
7220
1555
2074
7860
6665
2814
1285
31402610
4711
1414
2611
1544
7094
57174738
6092
5271
1795
3592
1606
6309
4606
1354
3735
6498
5722
10487759
5334
4561
2429
154683489
8962
9009
8949
9558
3251
4945
24359471
19225
54661866
1611
1755
5344
6266
5702
1343
2770
6189
4469
1904
3896
1310
490924923
1800314439
15042
14350
154883595
1976
1704
4463
5015
1484
3441
6461
3157
7163
1467
68905114
2338
1229
6747
6572
2729
5368
5234
6391
3476
42585163
4280
4165
1931
2772
3169
1887
4250
5460
5836
2477
2074
4638
4139
320419251
1614
11101
40363734
1477
13557
11678
9239
37433439
3959
7006
6420
7061
1813
4983
9419
34154075
8560
11281
53419383
14432
8873
87494262
1078
4405
5033
4781
5649
3659
3554
4879
5744
6101
2207
4144
38927208
11645
252864647
2767
4968
9196
6695
1732
5918
59347804
1097
8520
4513
8217
10678
1977
367811457
11769
12118
8118
8778
7656
74196814
5716
2112
4511
4826
1274
8088
6427
1906
81936796
1284
4977
5446
3087
6057
5189
5946
3621
1966
2078
13671423
1634
5851
5565
2436
5611
7167
6055
4745
3762
4920
71414514
180292173
7851
136877949
7418
7395
7837
11702
3934
72684418
6659
1116
2260
2673
3066
6605
2151
6445
4091
5630
6108
20653408320266
266621107
3659
5578
3698
6529
1530
5096
6756
4420
5647
6321
59528199
4504
6056
9281
4129
4489
1301
5419
79762418
4557
4607
5361
3364
2998
1216
5563
4864
5017
4026
3729
4164
5482
1893103353749
2902712334
15815
14747
8990
120543930793471924
9058
142194200
4950
6751
2879
4412
6649
1453
1175
3380
6612
3828
2224
41015166
2143
7193
1109
5859
3587
7319
3578
6272
4546
4928
46866162
283614756
6015
4766
5722
4379
3490
5431
1526
1948
5237
5531
5395
4601
5844
401627000
155587099
16480
6533
1875011523
214175633
4294
2149
5611
2006
3871
3215
6970
3457
1546
6646
35362994
4450
3218
5868
5097
3030
5412
1989
6882
5868
5471
5722
56204077
7320
6705
1180
2240
7895
6841
1830
3428
2364
46412115
5373
4997
5593
1120
1603
5843
6059
4762
3509
3427
3718
3790
52813830
1503
3585
2638
2645
1007
4034
5357
3322
2172
6370
5275
1648
37006642
5243
13395
2913
1269710054
5070
16403
5567
1626025612
12129
56074096
2849
6717
6832
8067
7566
5627
1761
3414
32618681
2629
4786
7807
8511
2419
2637
6374
7707
11991335
6134
4672
5644
5746
8095
3526
32432802
1970
8067
3467
3186
4981
2459
8414
5350
23434051
4180
6227
1401
6469
3463
7297
2570
6420
4883
5563
29341785
4270
3186
4012
8204
4087
7291
6408
83903351
4368
2956
5319
1735
1665
2544
5050
4567
4129
3288
3057
4358
1061
45675567
4350
3055
1681
4082
1849
5689
1995
5573
3214
1693
3678
4958
2775
138515216
5215
1172712555
12648
8124
5154
766710520
6081
16400
3448
6408684552621811917
4452
14142
8815
134754430
8657
2661
7283
565613776
4264
15529
164766032
10966
3499
6399
3107
7287
47481118
2057
2205
4721
4949
7969
5709
4699
4111
5100
17165760
4313
4368
3987
6289
3042
6007
5799
4406
4309
5816
5109
1109
22576186
3812
5595
4236
6718
3194
4178
1152
5631
3070
5402
2471
44896235
1040
2898
4618
1528
2394
6739
3492
4651
1458
2159
5166
37604421
5360
3586
5219
1191
3315
3087
6239
5340
6375
3885
6142
5395
13255908
3428
1580
8854
7674
6783
3143684973036
8215
2179
6773
8316
6011
6037
5670
70977830
6209
1223
1431
1020
4133
6997
7137
4744
2231
46641447
2708
5687
3958
2020
1440
4154
1099
2180
1350
2373
4713
4490
4826
41324519
2370
4404
2085
5084
3342
1952
4132
5152
3370
2958
6152
62818688
5261
14869
7408
17895319
6704
1173
2404
4081
5783
2538
2725
5682
5151
1016
469215712
2371
15487
7088
75502036
6286
1362
4833
3897
4488
7093
2114
4553
4644
20147265
4039
4651
6351
3695
6958
6388
5849
4218
1095
6862
503413093
10728
1093
6368
935792576583
9137
13032
141636674
6220
9299
7534
2674
3144
3926
7519
81357207
8978
8371
4569
3486
1132
9219
3406
80543298
1198
2238
4091
6469
3444
2982
4702
3283
3008
1585
2615
5732
15483857
4772
5318
3561
5852
5463
6379
4695
4863
5184
3930
3871
6221
56604785
8879
2905
11710
4284
7761
1078113650
19208
23448569
3740
6560
4918
8880
8863
7939
4336
70112667
1542
2663
5613
3498
5582
2221
3450
1197
1689
2995
5470
2690
3276
49213855
7774
1732
2700
4298
9114
8771
31586031
3440
5887
1245
3021
5776
1208
1994
2411
4057
2959
1907
1619
2028
36239806
3996
5730
10168
1726
70685828
9183
7422
5496
1545
2606
7731
3582
89984087
5317
6045
4977
3043
6360
3730
2012
4994
7160
6253